λ python additivePhilogeny.py
[[   0  295  306  497 1081 1091 1003  956  954]
 [ 295    0  309  500 1084 1094 1006  959  957]
 [ 306  309    0  489 1073 1083  995  948  946]
 [ 497  500  489    0 1092 1102 1014  967  965]
 [1081 1084 1073 1092    0  818 1056 1053 1051]
 [1091 1094 1083 1102  818    0 1066 1063 1061]
 [1003 1006  995 1014 1056 1066    0  975  973]
 [ 956  959  948  967 1053 1063  975    0   16]
 [ 954  957  946  965 1051 1061  973   16    0]]
Index 2 - Horse
{'Cow': {9: 146}, 'Pig': {9: 149}, 'Horse': {}, 'Mouse': {}, 'Dog': {}, 'Cat': {}, 'Turkey': {}, 'Civet': {}, 'Human': {}, 9: {}}
[   0  295  146  497 1081 1091 1003  956  954]
[ 295    0  149  500 1084 1094 1006  959  957]
[ 146  149    0  489 1073 1083  995  948  946]
[ 497  500  489    0 1092 1102 1014  967  965]
[1081 1084 1073 1092    0  818 1056 1053 1051]
[1091 1094 1083 1102  818    0 1066 1063 1061]
[1003 1006  995 1014 1056 1066    0  975  973]
[ 956  959  948  967 1053 1063  975    0   16]
[ 954  957  946  965 1051 1061  973   16    0]
Index 2 Limb length: 160.0
Index 3 - Mouse
{'Cow': {9: 146, 10: 157}, 'Pig': {9: 149, 10: 160}, 'Horse': {9: 160.0, 10: 149}, 'Mouse': {}, 'Dog': {}, 'Cat': {}, 'Turkey': {}, 'Civet': {}, 'Human': {}, 9: {'Horse': 160.0}, 10: {}}
[   0  295  306  157 1081 1091 1003  956  954]
[ 295    0  309  160 1084 1094 1006  959  957]
[ 306  309    0  149 1073 1083  995  948  946]
[ 157  160  149    0 1092 1102 1014  967  965]
[1081 1084 1073 1092    0  818 1056 1053 1051]
[1091 1094 1083 1102  818    0 1066 1063 1061]
[1003 1006  995 1014 1056 1066    0  975  973]
[ 956  959  948  967 1053 1063  975    0   16]
[ 954  957  946  965 1051 1061  973   16    0]
Index 3 Limb length: 340.0
Index 4 - Dog
{'Cow': {9: 146, 10: 157, 11: 243}, 'Pig': {9: 149, 10: 160, 11: 246}, 'Horse': {9: 160.0, 10: 149, 11: 235}, 'Mouse': {10: 340.0, 11: 254}, 'Dog': {}, 'Cat': {}, 'Turkey': {}, 'Civet': {}, 'Human': {}, 9: {'Horse': 160.0}, 10: {'Mouse': 340.0}, 11: {}}
[   0  295  306  497  243 1091 1003  956  954]
[ 295    0  309  500  246 1094 1006  959  957]
[ 306  309    0  489  235 1083  995  948  946]
[ 497  500  489    0  254 1102 1014  967  965]
[ 243  246  235  254    0  818 1056 1053 1051]
[1091 1094 1083 1102  818    0 1066 1063 1061]
[1003 1006  995 1014 1056 1066    0  975  973]
[ 956  959  948  967 1053 1063  975    0   16]
[ 954  957  946  965 1051 1061  973   16    0]
Index 4 Limb length: 838.0
Index 5 - Cat
{'Cow': {9: 146, 10: 157, 11: 243, 12: 677}, 'Pig': {9: 149, 10: 160, 11: 246, 12: 680}, 'Horse': {9: 160.0, 10: 149, 11: 235, 12: 669}, 'Mouse': {10: 340.0, 11: 254, 12: 688}, 'Dog': {11: 838.0, 12: 404}, 'Cat': {}, 'Turkey': {}, 'Civet': {}, 'Human': {}, 9: {'Horse': 160.0}, 10: {'Mouse': 340.0}, 11: {'Dog': 838.0}, 12: {}}
[   0  295  306  497 1081  677 1003  956  954]
[ 295    0  309  500 1084  680 1006  959  957]
[ 306  309    0  489 1073  669  995  948  946]
[ 497  500  489    0 1092  688 1014  967  965]
[1081 1084 1073 1092    0  404 1056 1053 1051]
[ 677  680  669  688  404    0 1066 1063 1061]
[1003 1006  995 1014 1056 1066    0  975  973]
[ 956  959  948  967 1053 1063  975    0   16]
[ 954  957  946  965 1051 1061  973   16    0]
Index 5 Limb length: 414.0
Index 6 - Turkey
{'Cow': {9: 146, 10: 157, 11: 243, 12: 677, 13: 514}, 'Pig': {9: 149, 10: 160, 11: 246, 12: 680, 13: 517}, 'Horse': {9: 160.0, 10: 149, 11: 235, 12: 669, 13: 506}, 'Mouse': {10: 340.0, 11: 254, 12: 688, 13: 525}, 'Dog': {11: 838.0, 12: 404, 13: 567}, 'Cat': {12: 414.0, 13: 577}, 'Turkey': {}, 'Civet': {}, 'Human': {}, 9: {'Horse': 160.0}, 10: {'Mouse': 340.0}, 11: {'Dog': 838.0}, 12: {'Cat': 414.0}, 13: {}}
[   0  295  306  497 1081 1091  514  956  954]
[ 295    0  309  500 1084 1094  517  959  957]
[ 306  309    0  489 1073 1083  506  948  946]
[ 497  500  489    0 1092 1102  525  967  965]
[1081 1084 1073 1092    0  818  567 1053 1051]
[1091 1094 1083 1102  818    0  577 1063 1061]
[514 517 506 525 567 577   0 975 973]
[ 956  959  948  967 1053 1063  975    0   16]
[ 954  957  946  965 1051 1061  973   16    0]
Index 6 Limb length: 489.0
Index 7 - Civet
{'Cow': {9: 146, 10: 157, 11: 243, 12: 677, 13: 514, 14: 492}, 'Pig': {9: 149, 10: 160, 11: 246, 12: 680, 13: 517, 14: 495}, 'Horse': {9: 160.0, 10: 149, 11: 235, 12: 669, 13: 506, 14: 484}, 'Mouse': {10: 340.0, 11: 254, 12: 688, 13: 525, 14: 503}, 'Dog': {11: 838.0, 12: 404, 13: 567, 14: 589}, 'Cat': {12: 414.0, 13: 577, 14: 599}, 'Turkey': {13: 489.0, 14: 511}, 'Civet': {}, 'Human': {}, 9: {'Horse': 160.0}, 10: {'Mouse': 340.0}, 11: {'Dog': 838.0}, 12: {'Cat': 414.0}, 13: {'Turkey': 489.0}, 14: {}}
[   0  295  306  497 1081 1091 1003  492  954]
[ 295    0  309  500 1084 1094 1006  495  957]
[ 306  309    0  489 1073 1083  995  484  946]
[ 497  500  489    0 1092 1102 1014  503  965]
[1081 1084 1073 1092    0  818 1056  589 1051]
[1091 1094 1083 1102  818    0 1066  599 1061]
[1003 1006  995 1014 1056 1066    0  511  973]
[492 495 484 503 589 599 511   0  16]
[ 954  957  946  965 1051 1061  973   16    0]
Index 7 Limb length: 464.0
Index 8 - Human
{'Cow': {9: 146, 10: 157, 11: 243, 12: 677, 13: 514, 14: 492, 15: 947}, 'Pig': {9: 149, 10: 160, 11: 246, 12: 680, 13: 517, 14: 495, 15: 950}, 'Horse': {9: 160.0, 10: 149, 11: 235, 12: 669, 13: 506, 14: 484, 15: 939},
'Mouse': {10: 340.0, 11: 254, 12: 688, 13: 525, 14: 503, 15: 958}, 'Dog': {11: 838.0, 12: 404, 13: 567, 14: 589, 15: 1044}, 'Cat': {12: 414.0, 13: 577, 14: 599, 15: 1054}, 'Turkey': {13: 489.0, 14: 511, 15: 966}, 'Civet': {14: 464.0, 15: 9}, 'Human': {}, 9: {'Horse': 160.0}, 10: {'Mouse': 340.0}, 11: {'Dog': 838.0}, 12: {'Cat': 414.0}, 13: {'Turkey': 489.0}, 14: {'Civet': 464.0}, 15: {}}
[   0  295  306  497 1081 1091 1003  956  947]
[ 295    0  309  500 1084 1094 1006  959  950]
[ 306  309    0  489 1073 1083  995  948  939]
[ 497  500  489    0 1092 1102 1014  967  958]
[1081 1084 1073 1092    0  818 1056 1053 1044]
[1091 1094 1083 1102  818    0 1066 1063 1054]
[1003 1006  995 1014 1056 1066    0  975  966]
[ 956  959  948  967 1053 1063  975    0    9]
[ 947  950  939  958 1044 1054  966    9    0]
Index 8 Limb length: 7.0
{'Cow': {9: 146}, 'Pig': {9: 149}, 'Horse': {10: 149}, 'Mouse': {11: 254}, 'Dog': {12: 404}, 'Cat': {12: 414.0}, 'Turkey': {13: 489.0}, 'Civet': {15: 9}, 'Human': {15: 7.0}, 9: {'Horse': 160.0}, 10: {'Mouse': 340.0}, 11: {'Dog': 838.0}, 12: {'Cat': 414.0}, 13: {'Turkey': 489.0}, 14: {'Civet': 464.0}, 15: {'Human': 7.0}}